[aboutpic.jpg]
filters=retouch=1;
moddate=68a0607d96c8da01
width=2403
height=3096
textactive=0
[aboutpic.1.jpg]
filters=retouch=1;autocolor=1;autolight=1;enhance=1;fill=1,0.327103;autocolor=1;redeye=1;
moddate=948969aa97c8da01
width=2403
height=3096
textactive=0
[aboutpic.2.jpg]
filters=redeye=1;finetune2=1,0.000000,0.039298,0.022456,ff2d3235,-0.438596;autocolor=1;finetune2=1,0.000000,0.000000,0.000000,00000000,-0.520468;
moddate=397eac1198c8da01
width=2403
height=3096
text=1;135;11;Rohit Kurmi;Algerian;0.708339,0.947992,0.033333,6.283185;v1,4289708842,4278190080,128.000000,1.000000,0.250000,1.000000,700,2,49153;;
textactive=1
